947
162
685
8
3
138
555
78
874
947
323
628
526
140
10
228
34
106
41
20
26
4
27
588
93
685
8
3
138
567
2
95
48
418
142
218
19
41
524
70
498
267
37
2
555
78
157
323
3
874
874
983
70
498
267
37
2
983
142
218
19
41
524
37
14
2
2
51
31
39
20
4
6
81
35
63
62
104
39
83
6
35
59
107
7
49
28
426
2
34
55
162
947
55
3
10
19
37
13
95
240
73
352
8
25
14
4
537
153
142
218
19
41
524
364
8
3
80
100
5
9
395
12
555
78
194
37
449
32
30
94
2
3
159
287
90
203
263
70
498
267
37
2
874
706
159
287
90
162
451
312
521
364
8
3
80
100
5
9
395
12
685
8
3
138
489
263
567
2
95
48
23
273
7
9
669
364
8
3
80
100
5
9
395
12
685
8
3
138