1710
1885
1503
155
51
55
2115
58
1779
1710
2034
53
2408
52
53
105
55
2711
103
112
52
168
481
63
51
1503
155
51
55
2091
51
52
55
1841
2504
110
55
54
52
2329
51
62
53
115
2115
58
2077
106
108
1779
1779
2032
2329
51
62
53
115
2032
2504
110
55
54
52
2959
103
51
317
106
55
167
58
357
55
52
112
57
105
53
265
115
103
53
55
51
52
53
51
2345
214
51
58
54
1710
2795
987
51
55
57
289
105
60
218
54
52
55
52
159
2364
53
2504
110
55
54
52
2095
63
276
51
56
53
497
301
52
2115
58
2616
171
171
51
106
157
106
52
1829
54
57
1429
220
2329
51
62
53
115
1779
2225
1829
54
57
1552
106
56
2244
2095
63
276
51
56
53
497
301
52
1503
155
51
55
1612
55
2091
51
52
55
2419
163
59
53
51
2095
63
276
51
56
53
497
301
52
1503
155
51
55